0 0 900 150
6 0 850 25
0 150 900 150
0 300 900 150
3 350 850 50
12 400 700 200
0 450 900 150
0 600 900 150
5 600 850 25
0 750 900 150
7 850 850 25
0 900 900 150
0 1050 900 150
3 1050 850 50
3 1100 850 50
3 1150 850 50
0 1200 900 150
3 1200 850 50
3 1250 850 50
3 1300 850 50
0 1350 900 150
3 1350 850 50
3 1400 850 50
3 1450 850 50
0 1500 900 150
3 1500 850 50
3 1550 850 50
0 1650 900 150
0 1800 900 150
0 1950 900 150
12 2000 700 200
0 2400 900 150
12 2400 550 350
0 2550 900 150
0 2700 900 150
0 2850 900 150
10 2925 865 35
0 3000 900 150
0 3150 900 150