0 0 900 150
8 0 700 25
3 0 850 50
3 50 850 50
3 100 850 50
0 300 900 150
3 300 850 50
3 350 850 50
3 400 850 50
0 450 900 150
3 450 850 50
3 500 850 50
3 550 850 50
0 900 900 150
3 900 850 50
3 950 850 50
3 1000 850 50
0 1050 900 150
3 1050 850 50
3 1100 850 50
3 1150 850 50
0 1200 900 150
3 1200 850 50
3 1250 850 50
3 1300 850 50
0 1350 900 150
3 1350 850 50
3 1400 850 50
3 1450 850 50
0 1500 900 150
3 1500 850 50
3 1550 850 50
3 1600 850 50
0 1650 900 150
3 1650 850 50
3 1700 850 50
3 1750 850 50
7 1950 700 25
0 2250 900 150
3 2250 850 50
3 2300 850 50
3 2350 850 50
0 2400 900 150
11 2400 800 100
0 2700 900 150
11 2700 800 100
0 2850 900 150
10 2925 865 35
0 3000 900 150
0 3150 900 150